00247349
03364120
03899129
05340534
06067570
06067571
06068126
06236750
06250754
06323026
06349957
06362789
06377991
06384984
06391242
06600991
06676088
06767996
06778406
06800461
06872066
06925542
07004964
07041858
07255167
07414622
07478520
07533580
07560054
07662014
07807868
07877971
07973468
08024184
08026280
08122834
08129899
08136818
08167627
08209336
08268633
08272154
08272274
08465563
08517548
08520618
08566833
08568839
08631945
09105544
09167751
09185159
09349144
09380446
09435672
09474103
09480348
09498124
09516237
09572737
09622442
09626371
09628463
09702014
09745957
09789458
09799400
09815994
09858659
09892656
09972454
09980061
10046883
10064125
10205799
10216317
10301747
10334821
10650583
10656971
10699790
10731523
15441461
15597713
15743951
16019756
16737758
16751317
16778148
18109346
18182114
18226661
19189982
19874994
19907179
19944260
20020405
20032110
20039024
20042889
20071274
20077432
20083528
20107243
21469158
21551321
23013843
23863737
25570673
25625676
25667255
25689969
25765640
25838903
26609057
29288454
29419407
29593257
29647838
29717375
29717376
29727977
30846153
31923727
32101860
32108433
40003915
40051037
40051808
40151177
40232184
40372660
40473902
40725133
40781301
40787236
40861660
40915134
41054206
41060077
41060687
41132913
41171234
41181795
41182845
41195147
41312130
41321056
41460746
41463917
41469574
41618643
41627147
41682716
41783913
41788649
41913585
41935573
42024900
42034106
42054656
42252169
42283209
42421585
42442576
42453178
42536602
42639800
42787307
42871685
42947489
42972316
43454305
43489825
43489827
43516594
43543946
43634805
43653700
43781844
43908729
43911666
44084575
44120745
44169878
44350741
44361783
44392308
44412096
44419857
44669208
44675908
44718005
44728850
44751738
44759646
44836981
44877679
44911076
44926019
44926922
45000143
45017300
45048736
45227478
45280610
45426084
45503554
45525665
45541055
45541958
45551983
45557672
45689530
45778835
45803844
45810747
45819517
45836948
45848451
45867896
46024913
46033986
46085596
46239424
46243981
46247169
46256454
46273325
46314929
46473298
46543995
47125142
47146279
47201604
47316952
47461342
47586645
47715024
47773963
47788316
47869587
47874705
47900841
47978727
48051290
48326888
48544086
48755435
48789102
48812676
48820554
48872308
48877749
48878819
48895905
49074914
60189507
61061404
61240646
61385866
61510987
61666351
61940367
62087833
62692774
62798057
63160299
63229570
70007163
70019402
70026444
70142240
70175653
70229193
70373528
70399130
70427797
70530749
70691809
70787129
70849206
70902997
70912290
70978210
71280535
71349642
71376193
71408866
71453192
71615452
71616829
71759651
71765156
72034955
72034956
72188532
72203248
72215377
72288353
72404064
72526434
72529856
72576724
72681386
72739344
72878218
72953565
73013219
73048253
73230521
73244439
73408802
73446025
73466432
73496036
73515827
73702911
73702950
73712925
73815257
73937119
73983912
74047551
74142453
74232302
74254205
74301859
74358901
74378824
74460661
74465484
74482103
74500964
74649354
74711821
74715732
74715757
74864361
75108649
75188292
75245077
75256501
75266440
75272746
75315912
75357255
75359959
75450642
75516430
75753500
75951769
76226768
76291303
76411290
76495895
76517314
76521647
76539289
76576213
76579579
76819406
76943752
77044437
77209350
77210689
77379043
77379452
77461419
77698376
77706430
77706728
77795108
77810612
77916886
77996106
78055789
78137489
78289361
78379066
78392472
78508356
78630710
78792538
78832317
78854928
79864178
80006245
80114430
80175632
81069920
81445087
81478693
81701628
81728786
81856847
81856850
81856856
81856862
81856864
81856867
90140965
90424610
90475063
92284561
10772149
09863152
42793805
70241732
07393971
49082653
10662889
09777127
72013548
46174884
42920349
09797826
72146027
10530895
40811718
40345792
41437098
41714637
46897266
47741832