00251330
40356230
46883628
75778453
16786442 *
46212966 *
06780662
40864108
47115626
76067240
21410113 *
46291874 *
07564023
41093990
47346858
76166070
21456998 *
46440875 *
07583237
41908386
47988297
76431656
29659658 *
47547957 *
07852076
42087088
48079992
78015177
29707298 *
48733750 *
07867114
42096263
48297831
81728847
32789856 *
62607828 *
09803093
42369137
48508995
90720426
32977721 *
70729352 *
09856706
43304663
48930587
03572488 *
40001086 *
70770155 *
09856707
43498051
70874133
04749423 *
41450318 *
71229934 *
10122768
43612236
71377281
06155409 *
41633450 *
72351812 *
10327186
44348912
71732833
08179397 *
41951221 *
72839052 *
10585796
44511482
72538064
08834583 *
42023380 *
74054688 *
17532235
45007850
73016028
08836847 *
42995555 *
74977985 *
25693076
45737658
73315828
10138601 *
43627197 *
90887771 *
25750961
45792518
75392472
10815579 *
43650496 *
40088081
46757012
75750386
16008464 *
44932962 *